0,561
0,560
0,559
30,4
29,4
28,5
30,1
30,3
29,5
29,1
29,3
28,1
28,3
49,35
26,4
26,1
26,3
25,4
25,1
25,3
14,5
34,4
34,8
34,7
34,6
34,5
34,3
10,84
10,262
10,252
10,156
10,284
10,6
10,144
10,110
10,3
11,12
11,7
11,24
11,15
11,17
11,2
11,3
9,4
9,6
8,9
8,7
8,6
8,5
36,9
36,8
36,7
36,6
36,5
36,4
36,3
36,1
35,8
35,7
35,6
35,5
35,4
35,3
35,1
34,127
34,126
34,125
34,124
34,123
34,122
34,121
34,120
34,119
34,118
34,117
34,116
34,115
34,114
34,113
34,112
34,111
34,110
34,109
34,108
34,107
34,106
34,105
34,104
34,103
34,102
34,101
34,100
34,99
34,98
34,97
34,96
34,95
34,94
34,93
34,92
34,91
34,90
34,89
34,88
34,87
34,86
34,85
34,84
34,83
34,82
34,81
34,80
34,79
34,78
34,77
34,76
34,75
34,74
34,73
34,72
34,71
34,70
34,69
34,68
34,67
34,66
34,65
34,64
34,37
34,36
34,35
34,1
